firstname,pctwhite,pcthispanic,pctblack,pctapi,count
ALL OTHER FIRST NAMES,0.35163585267563435,0.1679119231445127,0.2888383516979759,0.19161387248187708,27958712.01758883
MICHAEL,0.8669668415716768,0.04643081976981227,0.07202569311409862,0.014576645544412254,5757503.222505438
JOHN,0.8755598659257177,0.04787746042410508,0.058701566688484946,0.017861106961692207,4952489.654128603
DAVID,0.8443861915168989,0.08753155820890739,0.04638462575912136,0.021697624515072456,4716516.2262618765
ROBERT,0.8613611917424118,0.058164672732814,0.07208168681595196,0.008392448708822175,4707741.682648229
JAMES,0.85106415322369,0.027021482607418677,0.10863485201996494,0.013279512148926415,4488996.478784605
WILLIAM,0.8644029117730736,0.038135002196563135,0.08561433666067564,0.011847749369687546,3103308.0576752587
RICHARD,0.8579315719159148,0.07841626593788441,0.04721773921595293,0.01643442293024778,2817801.187507653
THOMAS,0.9119102014164715,0.02764165801734771,0.04558217191007951,0.014865968656101375,2562078.153863952
MARK,0.9133058625850604,0.03596771227347305,0.040768404728118164,0.009958020413348428,2240877.7822104483
MARY,0.8133953255967793,0.06596436355278934,0.10724575290438908,0.013394557946042454,2382510.5445188456
JOSEPH,0.820037568497197,0.07800006263465159,0.08315881677422839,0.01880355209392321,2214531.7224021233
DANIEL,0.7866944946023876,0.16060899017603128,0.03659028527843655,0.016106229943144586,2135850.3120076885
CHRISTOPHER,0.8706997963174837,0.049098086897539174,0.06734373289905561,0.0128583838859215,2004980.8448141569
SUSAN,0.9319546189739525,0.03227423755820762,0.017712970890880468,0.018058172576959405,1799956.6099323218
JENNIFER,0.8839628653653948,0.054289755219824674,0.04107549940361288,0.020671880011167598,1837326.0498435835
STEVEN,0.9015635764157124,0.03816274701694796,0.040902774070094176,0.019370902497245556,1763785.9562245836
JEFFREY,0.9315300188551832,0.0198332093981665,0.036017485381602536,0.012619286365047926,1698380.8781526913
BRIAN,0.9177604054113153,0.020393754237985822,0.046726027350747865,0.015119812999950983,1704063.4528699776
PAUL,0.863277124530955,0.05915021907108,0.04925313277551073,0.028319523622454143,1663584.5548093366
PATRICIA,0.7509871151360893,0.12287925260108097,0.11959397025929377,0.006539662003535936,1801766.3524974547
CHARLES,0.7820808919040583,0.031423823802165386,0.17375234384590946,0.012742940447866903,1690685.6512153957
LINDA,0.825802226695162,0.055778292705849185,0.10155562449605184,0.016863856102936874,1617197.098629157
MATTHEW,0.9391533245853195,0.029344575745406516,0.023974083390394692,0.007528016278879201,1410102.778160494
KAREN,0.8713483362708381,0.032050426537400985,0.08270083726796658,0.013900399923794422,1438578.931641008
SCOTT,0.9691305757258776,0.012564832469425295,0.009777249652040217,0.00852734215265685,1327825.90904426
KEVIN,0.8528377036768687,0.02234599707966424,0.09522136258312054,0.029594936660346488,1423387.5535637506
LISA,0.8494830717019575,0.05759888773108957,0.0778920620678653,0.015025978499087666,1432297.450786755
TIMOTHY,0.9097088584209051,0.019490370741254946,0.060969544650655565,0.00983122618718429,1360654.5654779614
STEPHEN,0.9227473662979373,0.021739990754537718,0.03900040674088119,0.016512236206643747,1291238.4063859223
BARBARA,0.8081710118989982,0.042147524743310946,0.14463618392891878,0.00504527942877204,1314784.3465767233
ELIZABETH,0.7826985326238739,0.1539661098934463,0.04818230682375621,0.015153050658923571,1309197.1401211268
KENNETH,0.816128861223303,0.028081725066261855,0.13668619405033997,0.019103219660095334,1256672.0006905026
GARY,0.9014407858806057,0.02253732999553018,0.05810099267438371,0.017920891449480312,1141784.4206038455
DONALD,0.8654920826439968,0.019622974457456626,0.10833360537081035,0.00655133752773615,1177188.9024624587
RONALD,0.8138384306107471,0.04235739175472525,0.12988216611646686,0.013922011518060853,1203996.581324495
JASON,0.8731640445261418,0.04644868656395815,0.05377261443105992,0.02661465447884016,1126327.9660138919
NANCY,0.8533867923197449,0.09816775403742053,0.028497838335643493,0.019947615307191083,1118648.908017708
MARIA,0.1571809430406125,0.8036341007638963,0.015031083645709393,0.024153872549781786,2183058.6863326468
ANDREW,0.8624788006233655,0.051981028366535696,0.057230895177881116,0.028309275832217665,1050376.9524237763
KATHLEEN,0.951048029355944,0.02247193925642209,0.018356372991163168,0.008123658396470817,991675.4387464969
ERIC,0.7750174506077432,0.07674462911621423,0.11807814489357427,0.030159775382468446,1113429.0228339664
DEBORAH,0.8355031079032454,0.03963536410299497,0.11887003746908967,0.00599149052466994,1064500.0495735859
GREGORY,0.8373780188610624,0.02841026839135616,0.12625420207098695,0.007957510676594509,1045630.3640678513
ANTHONY,0.6530568698302747,0.11810649264251978,0.20444642491224913,0.024390212614956514,1185566.2653682968
EDWARD,0.7622986808151053,0.10568819328768055,0.10700530731629436,0.025007818580919876,1052327.1528213257
PETER,0.8593566981879069,0.05428413515473634,0.03924784393978904,0.04711132271756768,952902.7403151521
MICHELLE,0.7898478710194834,0.0792735727527561,0.10844858827077448,0.022429967956985954,1011295.8958861617
SANDRA,0.68667606117953,0.1791762893327134,0.12578233380885473,0.008365315678902018,1102376.8450642768
AMY,0.9307882417359007,0.02884264368911466,0.01276218411500114,0.027606930459983466,892037.6536033824
KIMBERLY,0.8400914318411205,0.02908419286014539,0.12287815669015646,0.007946218608577627,958626.0002428353
LAURA,0.819910101383127,0.14786486996164921,0.024522868986017802,0.007702159669205986,954831.0584953432
GEORGE,0.712801476308298,0.11521501435976618,0.1467536370360222,0.025229872295913554,1005325.1431120767
CYNTHIA,0.7415957830260603,0.0937074075498202,0.1486022982841791,0.01609451113994045,974380.4409001298
CAROL,0.8634393374566456,0.03944611966962703,0.08565725638911217,0.01145728648461503,881285.9505926699
DONNA,0.8729090917629759,0.03085696280264232,0.08766120816811497,0.008572737266266818,868389.7672357821
JULIE,0.9167006627480188,0.04207289706369478,0.014113464098296086,0.027112976089990266,806896.2383056971
JOSE,0.025967017297109745,0.9611890974276199,0.0037914793949241016,0.009052405880346242,2139902.691155593
PATRICK,0.8643448454881135,0.03306687326761014,0.08189338089275243,0.020694900351523937,825620.4437616152
DOUGLAS,0.9254786492155039,0.022496449955140458,0.042388739454626435,0.00963616137472915,790271.3479075264
CHRISTINE,0.8709761948052489,0.05297493761287208,0.04728085554704697,0.028768012034832032,790723.4741323361
SHARON,0.7838934881694117,0.018862672546945538,0.18118349613342755,0.016060343150215185,844487.5055472264
PAMELA,0.8066098828059098,0.03166593957341123,0.15211483739950102,0.00960934022117791,829487.7938474452
DENNIS,0.8666247514989981,0.04178222097550785,0.06537547770574843,0.02621754981974565,736453.1372244273
DEBRA,0.8358138476682456,0.0423762092196723,0.1184519522859747,0.003357990826107354,737686.0250728575
DIANE,0.861684463176992,0.04473429072419977,0.08225499537276862,0.011326250726039726,711388.340382859
REBECCA,0.8639733483727331,0.09558909253493218,0.027904717786307962,0.012532841306026608,699618.2029445391
MARGARET,0.8359606713257423,0.05033104715056286,0.10160508592876032,0.012103195594934744,717115.9105364747
KELLY,0.9395340158891914,0.020480587175899914,0.02511082549650273,0.014874571438405959,661045.6633693641
MELISSA,0.8435357323897235,0.0986387076527635,0.048091690855213774,0.009733869102299161,710248.3979071844
LARRY,0.7594149531285567,0.045996259248885465,0.18301504657568823,0.011573741046869632,704947.4652545429
FRANK,0.7164085025640358,0.17242438224931805,0.08766570924223509,0.02350140594441114,713381.4965861331
RYAN,0.9195382422016708,0.028180964663196344,0.030228693359655237,0.022052099775477542,601683.4629033435
SARAH,0.8693049237914215,0.052218898734268895,0.05931832346442538,0.019157854009884265,620143.3222954702
ANGELA,0.6673446985596441,0.11286518133571301,0.2044488631001244,0.015341257004518457,734557.5035545886
STEPHANIE,0.7890062282305543,0.05902981261964777,0.13630458503422607,0.01565937411557192,656679.2928807108
JONATHAN,0.8366174953984419,0.06776655299253634,0.06374906680728232,0.031866884801739395,622634.1963527041
JANET,0.8420538721742341,0.05507248603709701,0.08518977996200655,0.017683861826662265,626321.0126902589
CHERYL,0.8070251652531246,0.017113611558015177,0.16633284284457475,0.00952838034428547,604398.1652700909
CATHERINE,0.8554881359996395,0.04255229161535735,0.0785439178046075,0.023415654580395642,567279.5076244136
HEATHER,0.9377171452098385,0.025750337868149162,0.03157195812451933,0.004960558797492957,535829.700486485
JUDITH,0.8699616369928533,0.07133421120448562,0.05187875885871822,0.006825392943942847,558540.5130779046
TODD,0.9484829590981273,0.011627546524535596,0.03347746876138488,0.006412025615952336,524157.9800390499
LORI,0.9372372111277565,0.02331352610547653,0.02794745600622874,0.011501806760538087,523613.30401285033
KEITH,0.8223595933550997,0.016821617038196564,0.14670366300880844,0.014115126597895366,552269.5776275313
JESSICA,0.7530075016786757,0.18646757664669242,0.04380281790597514,0.016722103768656606,572519.8573023007
BRUCE,0.8971636793653021,0.01728992046193894,0.07259821033836224,0.012948189834396724,506742.0650106955
CRAIG,0.9058012714202064,0.01050134498757327,0.07405123749942391,0.009646146092796393,504693.4797613932
JOSHUA,0.9004790255752194,0.05793082464795037,0.03129629684050549,0.010293852936324725,498993.0926064554
RAYMOND,0.6938380074318532,0.1340593800389136,0.1303314559032958,0.04177115662593767,564314.499736065
DENISE,0.7509361147908514,0.0746923806496767,0.16493930617102,0.009432198388451834,554120.9188686906
ANN,0.8967875388232904,0.02573788288248175,0.0544283653068588,0.02304621298736889,484132.3312519767
BRENDA,0.6324089670196996,0.10920146950571963,0.2500771842672494,0.008312379207331189,608477.883256685
TERESA,0.644881358122829,0.2563555464262767,0.07942131105735974,0.01934178439353459,582188.6482312898
TERRY,0.8306431723022129,0.019155920624461982,0.13814734200847933,0.01205356506484602,486283.4996112619
KATHERINE,0.8757865900726974,0.05084155520858268,0.05311974454017307,0.02025211017854672,458994.4712763352
ALAN,0.8754299281123009,0.042445769717281374,0.03686588764630896,0.04525841452410877,449847.9970996283
ADAM,0.912031660507881,0.05631876057217742,0.02204502608652864,0.009604552833412832,442614.1783975819
KATHRYN,0.9304599508897766,0.027853065095480883,0.03562114848477929,0.006065835529963221,437958.17304316733
CAROLYN,0.7236615190285073,0.03294732202887454,0.23479453178196089,0.008596627160657356,515226.76955967053
NICHOLAS,0.8771038418645799,0.0695628652681962,0.04408036456690387,0.009252928300320182,449531.81687382306
LAWRENCE,0.78828644643724,0.057108038826973566,0.133083710067548,0.0215218046682384,469382.35817896016
PHILIP,0.8746200496681807,0.04449691777206132,0.04288078129640439,0.0380022512633536,417020.95409269474
AMANDA,0.8650205407958497,0.08596818526758643,0.0404831227413951,0.008528151195168792,426629.4269656074
ROGER,0.8409852945850005,0.06800338783404637,0.06975203484824724,0.021259282732705827,428851.45524717204
GERALD,0.8341794184933546,0.03325471703281477,0.12002999115952058,0.012535873314310046,431152.3036269507
JERRY,0.7675652683029851,0.062488574925259895,0.14145691286205894,0.028489243909695993,441615.910287516
ROBIN,0.8478896455498552,0.0208126198964832,0.12139946537393417,0.009898269179727364,420453.50927088957
ANNE,0.9266583788720559,0.02105460481150154,0.03164144534191719,0.020645570974525188,390279.2171265204
BENJAMIN,0.7039552053218572,0.16961783227688268,0.08789209913738649,0.03853486326387359,455695.3947194117
JILL,0.9596026329640923,0.015174925514345579,0.019464386085259737,0.005758055436302491,384287.43678195303
ANDREA,0.7400618051577902,0.10510060475547758,0.1482060253856373,0.006631564701094913,454438.7557369935
NICOLE,0.7732642498562737,0.06169359413537812,0.15494655330230503,0.010095602706043061,438735.951841487
CHRISTINA,0.7572505802350354,0.16211849290382668,0.05550786874121503,0.02512305811992294,434426.7227811657
TRACY,0.8173199169136371,0.02629070053278533,0.13755540305083555,0.01883397950274181,414104.85885362426
THERESA,0.7637921160674087,0.09249458833579152,0.12476806845581637,0.01894522714098341,430544.84189122036
JANICE,0.7711286557920267,0.027289159621992732,0.1870827718532421,0.014499412732738377,428179.20153529156
JUSTIN,0.8919271855233198,0.03925385206472859,0.04812833835266354,0.020690624059288117,385558.48337684944
JOAN,0.8581743909513126,0.024068710274151684,0.10659584903319594,0.011161049741339654,396806.5492231297
JUAN,0.015789403391793324,0.9722606788496004,0.006674645779146225,0.005275271979460044,1022206.8300880851
SUZANNE,0.930446038298535,0.04173039866756006,0.01677360863625183,0.01104995439765308,368123.6586671547
DAWN,0.8687842670649776,0.023304060994029693,0.10082294760869041,0.00708872433230233,386979.88584633026
LESLIE,0.8205975779092343,0.047359165851139494,0.11778566623811378,0.014257590001512528,398077.6453849244
WENDY,0.8356940102691476,0.07624055545532889,0.053896933435763246,0.03416850083976031,386043.54390048824
SEAN,0.8775995745528985,0.023948902946908764,0.0803411307937608,0.018110391706431892,376802.33488236886
JANE,0.9038666258749637,0.025267116629161444,0.03464070304772913,0.0362255544481457,357490.5186426874
MARTIN,0.5489032088558993,0.4120917104897157,0.02762862281647292,0.011376457837912012,482332.92495812866
JACQUELINE,0.5640999263794714,0.11813694157327356,0.3049333462852701,0.012829785761985018,469907.3286028235
JEAN,0.7118379092338137,0.03628950002008552,0.22565994705646183,0.026212643689638902,402635.9251115952
BRYAN,0.8650688818119262,0.037399620394525185,0.07155529134283892,0.025976206450709496,354017.0888738638
LYNN,0.8913789226933493,0.026238166844698468,0.05583978676217052,0.026543123699781627,343640.7495427396
AARON,0.8021648605074098,0.07527939251266724,0.10460497847632119,0.01795076850360181,369902.9764316019
DIANA,0.6596097028948754,0.2624456110462393,0.05495833093028403,0.02298635512860124,409252.41082854144
BRADLEY,0.9812492489832796,0.0065474003948571445,0.007010556954749276,0.005192793667114107,323948.1012817609
JEREMY,0.9142888345771248,0.04099589113279323,0.03865945254215334,0.006055821747928679,336405.36703436635
KATHY,0.8534844927758439,0.047410989510027944,0.07340923454685896,0.025695283167269108,341321.81283036765
PAULA,0.8071320511052034,0.0863839986425896,0.09951981830579042,0.006964131946416721,356713.02211861423
MARTHA,0.41971279280383894,0.49830527036595523,0.07724649587214907,0.00473544095805685,505227.4114969635
CARL,0.7525273554592231,0.02432052658142327,0.2114458524987469,0.011706265460606751,371147.11322607397
MICHELE,0.8614548264814466,0.043986890297318317,0.08668976223878538,0.007868520982449731,337573.3353579094
WAYNE,0.7960704121123241,0.018253323072305743,0.15192654407748943,0.03374972073788084,349093.4373024042
ERIN,0.9518580992893474,0.02720969583170447,0.016680623411199302,0.004251581467748762,312051.8702691912
JOYCE,0.6735963079269559,0.022879884634003426,0.27459245971023927,0.028931347728801408,382532.7144359784
ANNA,0.7038906973871166,0.184402682400584,0.06719856584462079,0.0445080543676786,358126.24318564765
JUDY,0.8194310606698789,0.050420996822396855,0.0877799690845992,0.04236797342312489,326068.192746966
RUSSELL,0.8758181998901897,0.020005054269082043,0.08887515812375382,0.015301587716974244,318461.2874007145
SAMUEL,0.49597912952750306,0.2346029025501711,0.23281153796820916,0.03660642995411658,433809.31089568266
SHANNON,0.8726954985125656,0.030088399021715857,0.09219343737261983,0.005022665093098628,317380.45771010645
JACK,0.895242871477669,0.029931844022934095,0.03455658900145715,0.04026869549793964,301993.85270892555
SHAWN,0.8576569740833064,0.026876233968176507,0.1008937599222912,0.014573032026225938,316392.1433443472
KIM,0.7497999451678048,0.02055218248250011,0.14317095151288214,0.08647692083681303,323600.67241884815
SARA,0.7836341421016291,0.17242148825327863,0.03389761274472656,0.010046756900365715,326041.9975529546
CHAD,0.9508608793939042,0.012896828199937944,0.028241757404992646,0.00800053500116525,287944.88251627184
WALTER,0.663657377442186,0.10418246345785145,0.21770602964794816,0.014454129452014308,361196.2632703675
RACHEL,0.7921701615180846,0.11424053132093956,0.07311502765188127,0.020474279509094404,315597.3691021951
DALE,0.9120347012463307,0.013807792810277409,0.06432498573850073,0.009832520204891441,288142.8094865926
DANA,0.8599117833597726,0.020304330819153494,0.11360081171375101,0.00618307410732297,300546.8650735963
VIRGINIA,0.6522639519678081,0.22276640875433115,0.10440748578226851,0.020562153495592178,349281.91366363765
PHILLIP,0.7723335333859593,0.07658811047548633,0.12522516526907773,0.025853190869476555,312354.1297530544
RANDY,0.853262161859367,0.05016756082967975,0.06824278994568846,0.02832748736526467,291006.4904548799
BEVERLY,0.6916311539865732,0.03607157369101372,0.26340045033804854,0.008896821984364693,338690.5951075185
SHIRLEY,0.5915813173450734,0.04549720739951494,0.32935189297319695,0.03356958228221485,362445.3716992558
JAMIE,0.8756816730944716,0.05567276084343251,0.053467463529086504,0.015178102533009566,286105.7217436457
JOEL,0.6615612244154649,0.2673676886354402,0.055443138774617165,0.015627948174477647,334169.2198015158
TAMMY,0.8380498168933116,0.042712482761537454,0.0944498559189608,0.02478784442619022,286320.75067806646
JOANNE,0.8562964657100867,0.05290395585369778,0.06020716811481127,0.030592410321404282,280493.2858150554
ARTHUR,0.6350782468392717,0.14068274655527108,0.19852364293414979,0.02571536367130755,337573.9925848643
STEVE,0.741956851661922,0.12534046600433824,0.07024069694858444,0.062461985385155176,296684.61400545505
VICTOR,0.24528408291524106,0.6278099856093634,0.09206081381285193,0.03484511766254364,497913.8668181312
CARLOS,0.049710623193879144,0.919143447328371,0.023573073966370532,0.00757285551137933,689706.5089404291
JON,0.9271522518780723,0.02889698352738406,0.02565498675492721,0.018295777839616598,266135.49266370904
BETTY,0.6169431562005967,0.06617080133940403,0.28726342721945614,0.029622615240543073,341114.3809914513
MARILYN,0.7515447042242667,0.06457258930089667,0.1626176031929726,0.02126510328186415,303860.78347837104
NATHAN,0.8796045977954441,0.02430509036362077,0.07629201933748173,0.019798292503453288,273515.51943387906
BONNIE,0.9275541735889881,0.02299605596084137,0.036762334263435274,0.012687436186735224,265071.9500299469
RANDALL,0.9311704988478771,0.020431264506985736,0.035091632322835416,0.01330660432230176,259467.83999910133
EMILY,0.8563637609130137,0.04647210254537506,0.0582045625969884,0.0389595739446227,268705.7196654799
LAURIE,0.9392074082116442,0.03498472740560989,0.01893839557514474,0.006869468807601195,257813.3796717758
GLENN,0.8430615854712891,0.019559353023190958,0.1031029028519886,0.03427615865353122,271981.40652589826
VINCENT,0.6688759871724698,0.10110027246511433,0.16455891268649156,0.06546482767592443,304793.69051639247
HENRY,0.4614446361682535,0.20977102733578576,0.2313898929569228,0.09739444353903784,353052.25828800956
VICTORIA,0.6626060629471594,0.19950690142609973,0.10859998217013983,0.029287053456601056,309693.72148019733
GLORIA,0.2972033817243667,0.43163771379059124,0.24568358545912497,0.02547531902591711,456536.7501932629
HELEN,0.6393047757272899,0.07958547209383657,0.20052315481323307,0.08058659736564033,304183.99960250384
ELLEN,0.9080598079019023,0.02080652805462023,0.043357275174797594,0.027776388868679815,254839.4651417008
RUTH,0.6817817900677122,0.14448660059201954,0.15687542760719858,0.01685618173306968,305080.3164536965
MARIE,0.5802573141781641,0.08522016245371314,0.3095276137792641,0.024994909588858725,333591.39002377004
MARC,0.850242748816891,0.0459356719859546,0.09548751950499453,0.008334059692159772,265981.8651932853
LUIS,0.04021320507865503,0.9530384175231851,0.0014840566466943462,0.005264320751465478,655109.4790674042
CINDY,0.825356022254579,0.09177119909762467,0.02874395251547552,0.05412882613232085,259942.3790014935
BRANDON,0.8147453532067335,0.04436743965568831,0.1221199498699869,0.018767257267591375,269584.26907611865
VALERIE,0.6804284908645204,0.08968556956759988,0.21667556342251132,0.013210376145368581,301930.86732324807
TINA,0.7821131653303793,0.06087877811844626,0.10402507791060182,0.05298297864057259,266078.3531206184
JAY,0.8805327607512193,0.04029998357041838,0.02936624119039453,0.049801014487967823,244484.0956909293
GAIL,0.8342531350649925,0.015265637074722246,0.13588522200751854,0.014596005852766719,260691.03246992556
KRISTIN,0.9587558012167268,0.01689304286179115,0.017962486792589077,0.006388669128892956,235000.48728210534
DOROTHY,0.6010940091174961,0.03702902069158475,0.3497963925073821,0.012080577683536918,316342.4818562474
LOUIS,0.6491614525904397,0.18310146448787976,0.14856164871170063,0.01917543420997999,295818.4745030832
MAUREEN,0.9186982722503895,0.023307305653745707,0.047616075504570525,0.010378346591294217,238770.23143802438
CONNIE,0.8064876033488,0.08658211140872553,0.0660361918670309,0.0408940933754435,251167.52594727627
COLLEEN,0.9510048809422186,0.017185536441265765,0.025306353679511367,0.006503228937004344,231496.50339738774
BARRY,0.8762774721923718,0.016384467213066755,0.09784793982614212,0.00949012076841925,242915.5491733572
BETH,0.9676711176710119,0.015180254460287038,0.012863255759065573,0.004285372109635544,227059.15637490334
CHRIS,0.84600419762687,0.06059952771850377,0.054036240718739505,0.03936003393588682,240800.3657184211
LEE,0.7949958212026437,0.025252864860303644,0.14321140933169754,0.03653990460535514,251812.46395048467
MONICA,0.4427038919854495,0.3674672964363368,0.16976114171541934,0.02006766986279439,349163.1319495625
KYLE,0.9251953110458814,0.0103728765914401,0.04943144706634246,0.015000365296336143,230373.074313864
KRISTEN,0.9538911383502163,0.023334774974152542,0.02004497076326586,0.0027291159123651785,227083.43430811513
RALPH,0.7289622937410484,0.13177680729031666,0.13000136440371046,0.009259534564924628,268526.1679477785
SHEILA,0.6916828582118136,0.04309639067576214,0.24891835922708244,0.016302391885341806,277507.09525599424
ALBERT,0.5427128780511004,0.20550854987156705,0.19742835851363666,0.05435021356369596,298625.4291004979
FREDERICK,0.7499883312439395,0.022966027695022376,0.2047448842954524,0.022300756765585725,254233.08024497845
CARRIE,0.8829245683894763,0.029007169497115917,0.07683145873991473,0.011236803373493,228644.2317301757
HOLLY,0.951080139876472,0.017229574393120516,0.018122312471237606,0.013567973259169879,215259.4954974717
ELAINE,0.7576339766867534,0.05341171857987172,0.1416515856122729,0.04730271912110212,243256.76867239678
HAROLD,0.7252365960587129,0.05414202947833399,0.2081098004790516,0.01251157398390143,255274.99905479501
ASHLEY,0.8312287410023044,0.04313753503504643,0.11691653837494148,0.008717185587707788,233383.3868595651
JULIA,0.6789813144906055,0.20277094794785402,0.09591290850136903,0.022334829060171552,258250.84544785824
RENEE,0.7852361937783402,0.049866976055067014,0.15083723575974287,0.014059594406849955,239653.21815806522
MEGAN,0.9571896512771417,0.02150901011780108,0.017070364864545138,0.00423097374051193,209167.61472408488
LAUREN,0.9148781663359555,0.027298601052311713,0.04870930597861982,0.009113926633112859,214159.5407850528
HOWARD,0.7668752273275318,0.014763875214301305,0.1811742346912345,0.037186662766932325,233280.03695625445
ALEXANDER,0.6567609908835897,0.20866656723786994,0.08133987723328186,0.053232564645258384,248333.32377356678
PEGGY,0.8573006268178777,0.03664855308716373,0.09137367805174224,0.01467714204321639,217851.6867137013
STACY,0.8757293259601233,0.03104290228485112,0.07914122824256518,0.014086543512460352,214389.52021256398
EUGENE,0.6885840674145899,0.06655528657617994,0.1985719691356056,0.04628867687362457,239157.32874727884
HEIDI,0.947371127839766,0.02532214765811901,0.013061136133381316,0.014245588368733702,198788.9887238355
DEAN,0.9207392394832554,0.01863423488751765,0.027742847690500335,0.03288367793872671,199229.576671716
SHERRY,0.8198978566723788,0.024410123947041684,0.13614010338107385,0.01955191599950561,217440.69660120292
MELANIE,0.8261310229868065,0.061581873875764165,0.09213746864414075,0.02014963449328851,215471.8192741209
RODNEY,0.6741271831172468,0.037984908089199604,0.2701320213549834,0.01775588743857015,244999.70337859733
STACEY,0.8400941830781081,0.04252346194761717,0.10736048265686234,0.010021872317412358,212413.26317773518
GINA,0.7908626182566234,0.09970979482353964,0.08148004617609339,0.027947540743743435,215342.7716617853
FRANCIS,0.7847669907566869,0.06026959878949178,0.10005639991014192,0.05490701054367941,211232.72006154308
BRENT,0.934998925532031,0.02313181204352114,0.035047136316502005,0.006822126107945743,194870.73614461525
ROY,0.7006718178301218,0.08544361831591307,0.1693399710828536,0.044544592771111405,226898.24226239516
RHONDA,0.7415202467589559,0.02101928029182699,0.2347318955282204,0.0027285774209968236,227914.93527651258
DANIELLE,0.8075590729467776,0.049914065639764346,0.1391974528122503,0.003329408601207685,212644.5045864571
STANLEY,0.7035193973797125,0.028019161342302437,0.21355750707112695,0.0549039342068581,218037.74392779445
EILEEN,0.8881327184894791,0.058024870791338834,0.03216576204803708,0.021676648671144973,191967.25903309498
FRANCES,0.6522474473704409,0.161686750356766,0.1630929254702434,0.02297287680254954,232089.05437146052
ANITA,0.5766858203554078,0.14876367628892645,0.212557353720085,0.061993149635580794,237818.04991055757
MANUEL,0.07031960639811137,0.8997419746506311,0.013009991566705336,0.016928427384552226,450488.60301468975
JEFFERY,0.8539659950171913,0.01637338051720619,0.11872777201035048,0.010932852455252088,194551.54355872283
SALLY,0.8842498096513977,0.06530675679485695,0.024369516185244685,0.026073917368500718,186979.64284759358
JESSE,0.5635415414305118,0.25955243518219456,0.16108484528095246,0.015821178106341247,246516.87058730464
ANTONIO,0.14011767502627845,0.7455886092574455,0.08506068184488368,0.029233033871392346,393778.4493980644
JACOB,0.8350283016997023,0.08160706342716123,0.054270880742392384,0.029093754130744196,191935.71373314518
JORGE,0.03115646569895581,0.9628203373817471,0.0020062604791612933,0.0040169364401357694,483826.43500980997
BRETT,0.9561163459983602,0.010416823772233021,0.030986862839022564,0.0024799673903842744,178240.28284142778
DANNY,0.6629259584772315,0.14389813565808793,0.10772572981220424,0.08545017605247628,209034.2763727089
JEANNE,0.930631687391728,0.01637011943657688,0.0346296557563048,0.018368537415390275,178255.96504867726
RITA,0.6287632739492208,0.19247408010307232,0.13485868298654424,0.04390396296116277,221859.79361414522
CURTIS,0.6623276168910026,0.013161395935320053,0.3081274887410217,0.01638349843265562,222548.50816279027
JEFF,0.9243860983515767,0.025617412465850486,0.020323458313870738,0.029673030868701974,176184.81970147014
ALICE,0.6365481864185716,0.11590145460020641,0.18292159921434262,0.06462875976687925,215779.56670309196
ALLEN,0.7819837135655925,0.02750965916670988,0.1450412595697727,0.04546536769792489,193433.55609191424
DEREK,0.8067241981908158,0.02090545728116496,0.13328509983904155,0.03908524468897778,190525.1351485325
VICKI,0.8929621920473241,0.023403545397152118,0.06995593860061987,0.01367832395490398,181299.6857999242
TRAVIS,0.8530954589996651,0.019834903900707933,0.11808380052771829,0.008985836571908778,187765.07786190495
TROY,0.7943471641898988,0.02174001033212064,0.17484658696901173,0.00906623850896893,195205.62541149367
FRANCISCO,0.031474200446791445,0.954477805983106,0.0021169107662550417,0.01193108280384736,459213.0168986667
JESUS,0.013710467949921411,0.9765562963657066,0.0,0.009733235684371937,472896.4486273464
LEONARD,0.7002815101478868,0.0773728856439797,0.2055561620152692,0.016789442192864466,206025.31384738703
CATHY,0.8192140196688932,0.054554350721233706,0.10034828428976143,0.025883345320111682,184726.83904240746
JOANN,0.7631223762813888,0.07392938702675393,0.1460364222028467,0.016911814489010617,194392.1431906819
HARRY,0.7606644817012495,0.04754159275989208,0.15258110803780242,0.039212817501056194,190131.46105254264
TIFFANY,0.6376422404685232,0.03274167172516893,0.2888208385455902,0.04079524926071758,211500.77568914954
TARA,0.8558120596606018,0.025176714307950935,0.10714408876586144,0.011867137265585826,179016.4944746342
TERRI,0.8509355929012928,0.032791129035483826,0.10233578022891338,0.013937497834309908,178050.5508611597
JOE,0.44599204957179756,0.35822571602010456,0.16258219021528,0.033200044192817885,248484.9845327333
ALLISON,0.8984772387779517,0.017434086767567334,0.06609189630776817,0.017996778146712755,167261.68318659536
FRED,0.733090612079893,0.09692119031760993,0.1446636938952657,0.025324503707231397,189296.11301519012
MIGUEL,0.021703086338096683,0.9670365495056795,0.0072924268282612715,0.003967937327962547,445816.7289075616
TAMARA,0.8095516370170788,0.044718420220430675,0.14075047859759235,0.004979464164898089,178055.666427813
THEODORE,0.7602902423472212,0.03336665860059998,0.18502555008296112,0.021317548969217757,183138.1737957251
ALICIA,0.40682981469122176,0.4440124320643635,0.13253074344993793,0.016627009794476726,250499.4560863725
MARIO,0.13620881740326948,0.8063623538945915,0.04077605638963908,0.016652772312499856,350635.97569338826
PHYLLIS,0.7097638820363704,0.03402841984057398,0.24342484822847021,0.012782849894585424,187971.05090727255
NORMAN,0.764417792462495,0.03638930312013887,0.16173363066628582,0.03745927375108026,175088.67506230625
TONY,0.46312877296185057,0.1517358692300181,0.2305661144118024,0.1545692433963289,204939.71606882033
ANNETTE,0.5979368970262459,0.1329381099398734,0.25791897061317925,0.01120602242070145,205575.21296488526
CARMEN,0.19166861776533117,0.7101904129441605,0.08564808256341658,0.012492886727091554,318849.15374844533
DARLENE,0.6740427599773468,0.0665050129861396,0.2497406588749858,0.009711568161527726,191696.9388445937
ERIK,0.8164664875312759,0.1321663886274074,0.04243305672429565,0.008934067117020914,168423.36427076368
KURT,0.9515371383107537,0.006933454579380394,0.034003862591522334,0.007525544518343504,152911.77533757547
APRIL,0.7198229656548953,0.0657862281624075,0.20072449301037878,0.01366631317231833,181841.3735691348
MARCIA,0.7346350832720264,0.07806435169520018,0.18238478354525367,0.004915781487519658,180261.8133359788
ANA,0.09459655104705995,0.8827817765800817,0.013387467925718976,0.0092342044471393,364124.8109213805
CARLA,0.6610697341395216,0.11403566082912721,0.22164502042060688,0.0032495846107442024,190911.11084365487
NATALIE,0.7516683674290331,0.10442859972987356,0.13386182993240925,0.010041202908683993,168122.31012330542
MELINDA,0.8293790689138117,0.09573691290766934,0.05661444445173887,0.018269573726780047,155696.36257076976
CLAUDIA,0.3757003492161658,0.5389755186123589,0.0793618943249874,0.005962237846487786,238251.70147381755
KRISTINE,0.9237339727054313,0.033253444138909204,0.015861443687318497,0.02715113946834103,143675.56048290446
JAIME,0.22624717653664092,0.7407709994058955,0.00824889677557212,0.02473292728189137,276006.99874851276
AMBER,0.8747019378195336,0.05117367690577699,0.06705383389581936,0.00707055137886989,150510.55181807256
GREG,0.8917124751628787,0.03797466109400909,0.0509958669904454,0.01931699675266682,146654.5988815931
ROSE,0.5436715216950094,0.18248296016171273,0.24082775814204052,0.03301776000123732,191011.78884011693
VERONICA,0.22589575862038233,0.5798937983435248,0.1807030975891499,0.013507345446942817,275317.6229707857
NORMA,0.30522151183568114,0.5547696893831994,0.12097449179106645,0.019034306990053085,242717.99681040007
EDWIN,0.44593786326880547,0.3885200248995654,0.11294549192609883,0.05259661990553031,198779.92858936067
NEIL,0.905206496074294,0.032841148448975746,0.03551224687119251,0.02644010860553771,137410.26241987827
CHRISTIAN,0.6753509728887073,0.25580839221264984,0.05326150397569546,0.015579130922947411,165070.55910919927
ROBERTA,0.8083591290751831,0.0803707747913584,0.10292410182673685,0.008345994306721527,148598.52895964767
LORRAINE,0.7033267632978142,0.11616926511150258,0.16277605608274667,0.017727915507936527,159922.02014099114
CRYSTAL,0.6049270397138508,0.11057653545067177,0.26932238678479287,0.015174038050684659,175691.49038323716
ROSA,0.0789336025610094,0.8488623207755749,0.0633137606123813,0.008890316051034288,328473.47478886414
REGINA,0.5379965726522282,0.12441531224330907,0.3208759485647947,0.016712166539667974,185861.14175837164
BRAD,0.9517677943636429,0.01012714197228688,0.03472401022614235,0.003381053437927891,131349.05972316803
KARL,0.8620593235820646,0.01932624175202657,0.09474836713917448,0.023866067526734338,137198.03780976974
SYLVIA,0.3241558692466085,0.39946197362361674,0.24704794214827572,0.029334214981498963,226899.81439041748
ERICA,0.5662499913035066,0.1970933015132732,0.2251881117823521,0.011468595400868085,177761.80051702372
ALISON,0.9180252765602129,0.02231105566440567,0.04476610404725999,0.01489756372812158,130581.66602158584
KERRY,0.8855737656757923,0.021815006988743953,0.0826846722529517,0.009926555082512062,133755.34636614937
ERNEST,0.5034051223965613,0.18532883753954477,0.2906391537543474,0.02062688630954663,185170.7360133213
DEANNA,0.8096057906666716,0.05902652397242472,0.1167412602080823,0.014626425152821426,139691.2604324439
EVELYN,0.42457725204099284,0.261224581538108,0.2643624013397155,0.04983576508118354,192762.23606990217
GORDON,0.8872743465698043,0.012392863958361422,0.05826356546986724,0.04206922400196706,128769.7380738635
ALEX,0.44286555151963525,0.3892460052601365,0.07892032370497076,0.08896811951525764,177700.35862014914
RICK,0.8711410320772527,0.07738832682090507,0.024953320562840327,0.026517320539001844,130645.94224875903
DEBBIE,0.7298628554835453,0.1040128769333413,0.1387131050044123,0.027411162578701027,145909.8327106839
IRENE,0.4962897387642565,0.3509089179674464,0.09728324807034712,0.0555180951979499,173864.30612803178
JOY,0.7270682424446236,0.033144995146584616,0.19184888237585448,0.04793788003293716,143994.28937846306
JIMMY,0.50388404202707,0.1830635256196147,0.18806265406210707,0.12498977829120812,161560.7509300779
DAN,0.8204945306950804,0.050410673794163086,0.03863398373666941,0.09046081177408714,126290.81155908793
JAN,0.9501098406470979,0.010934187401292202,0.021435552462281786,0.01752041948932822,121315.10897433676
DORIS,0.5166085780747158,0.12749005689719142,0.33310072016052267,0.022800644867570163,175438.28085610946
WANDA,0.5113120212698253,0.08273680648621379,0.3985527421699579,0.007398430074002872,180219.5606787727
SHANE,0.9398372030530354,0.021793993208370794,0.026721165542135775,0.011647638196457961,121697.26208357191
LOIS,0.807477090932482,0.013720674070051838,0.16832193785399868,0.010480297143467493,135262.40400714974
JODI,0.951955103442183,0.022268694587388463,0.010906923629334254,0.014869278341094267,119215.30602330537
ROSEMARY,0.694121035367464,0.16472173833994147,0.12343912903031787,0.017718097262276727,144937.77589243322
YVONNE,0.3882828781801771,0.18083857619321228,0.39977526158973997,0.03110328403687062,195000.3500712088
MITCHELL,0.8452153660208649,0.04187057801772373,0.09753632475296223,0.015377731208449178,127003.99401746917
GLEN,0.8982097275721874,0.01996207313602403,0.046261753378925956,0.03556644591286269,119344.49547332745
CAROLE,0.8842396366272273,0.015144566038404599,0.08760494789276237,0.013010849441605663,122621.4776681796
BILLY,0.6694748190695348,0.07071367675787163,0.22813035749333338,0.03168114667926033,143485.49599253386
CONSTANCE,0.7804970312323236,0.02598514471529212,0.1861809981838336,0.007336825868550822,132882.82649519644
CAROLINE,0.7913832630869813,0.07782646478918111,0.09286433621630776,0.03792593590752996,126326.93964022648
LANCE,0.8686362445135074,0.0332659059723077,0.07069457117144837,0.027403278342736426,119999.55701531791
DON,0.7864150368948576,0.021377185904323047,0.12582831504070355,0.06637946216011574,124197.01980940097
TRACEY,0.7250364557056632,0.019315095975372107,0.24855584943638664,0.007092598882578108,137312.25343900677
ROBERTO,0.04918184066560062,0.9221123313089653,0.004506663611643369,0.024199164413790678,288468.8022825442
CHARLOTTE,0.7447728561939876,0.03385864461072668,0.21006443265035668,0.011304066544929168,134048.0012543713
BERNARD,0.6474432436927189,0.04044341878027697,0.286330353817334,0.025782983709670134,144169.9310816554
DIANNE,0.7955531060358104,0.033178847544886585,0.160190937313387,0.011077109105916104,127926.57650830424
DARREN,0.7888218030338083,0.029595444129807684,0.14771212910777687,0.03387062372860713,125729.3366064266
ALFRED,0.5264291477114347,0.2110847780308826,0.2300447470349229,0.032441327222759705,158375.811948433
RICARDO,0.04602161546721299,0.8806919630129353,0.053542579113148754,0.019743842406702836,290919.90090123826
SUE,0.9058512060652437,0.016500292586187973,0.02889081416983911,0.04875768717872924,112553.59044895523
JEROME,0.6046253270579133,0.03414681044689498,0.3372191934856853,0.024008669009506312,147722.02735969544
WARREN,0.7143349840304007,0.014251593911772277,0.22721738706632197,0.04419603499150499,130714.53582643815
SHERYL,0.845581428060381,0.01563528334163621,0.12313229010867009,0.015650998489312694,119188.23999224989
COURTNEY,0.8110771413512763,0.002161477604229936,0.1795711425850893,0.007190238459404426,123491.6550179507
JARED,0.9222714025335337,0.03337932158753659,0.037979889129583604,0.006369386749346016,111976.67148499544
PEDRO,0.02704475075535227,0.9489788547976936,0.016490222782800757,0.007486171664153404,295832.2325353485
MARVIN,0.4968234502524677,0.14084844216564585,0.3413037958944282,0.021024311687458164,160001.62439816934
KRISTINA,0.8807026628271365,0.0585266434824019,0.045921233731450115,0.014849459959011503,113350.11566524323
RICKY,0.6881397201922115,0.061491686480466275,0.20862281845687847,0.041745774870443855,129550.88947260866
DUSTIN,0.9543645175043661,0.024875281005703555,0.009135334333132038,0.011624867156798294,107017.19531362694
MARLENE,0.6392663519622914,0.21202544420830227,0.13117403558521337,0.01753416824419275,136765.38975547568
DARRELL,0.6845856165760517,0.025852077110089605,0.28027461128624637,0.009287695027612395,134059.61577171693
STUART,0.936468385025008,0.009838628558854035,0.03317308373764677,0.02051990267849119,107655.59480837527
CLIFFORD,0.7821256614102832,0.006573916017745278,0.1827597876976142,0.028540634874357377,120841.78649476156
LYNNE,0.9224718848088739,0.01940842523571083,0.04759253971286006,0.010527150242555275,109190.75638246117
KENT,0.8841756061484044,0.009770953749894597,0.06285140981154587,0.04320203029015503,108501.04308251424
MARSHA,0.7460000258628858,0.03180942810674569,0.21581695498500653,0.006373591045362103,125125.85772238184
IAN,0.8564188804552514,0.02137543129780959,0.09605105239479411,0.026154635852144836,111892.62037832475
CASEY,0.9062619729539829,0.017227439316900055,0.05431922026225226,0.022191367466864845,107713.31260261842
DUANE,0.7966369998926129,0.01568333087423839,0.17571771578607587,0.011961953447072765,118512.5022829704
JEANETTE,0.6201928270821734,0.1311349869563982,0.23643757115783262,0.012234614803595757,137729.50546862787
SHERRI,0.8345873826422245,0.01390509755669664,0.1422139326077555,0.009293587193323282,114304.69918601419
GRACE,0.5008379143780319,0.1519294343778066,0.1788287011361646,0.1684039501079968,130887.1751591317
WESLEY,0.8269777505435869,0.01185289082631075,0.1279197762519591,0.03324958237814325,112011.50384553439
SHELLEY,0.8918108434739257,0.017307158272581384,0.07272468223659079,0.018157316016902125,107365.60120562132
OSCAR,0.06092452478616107,0.863569035542698,0.05854670472622133,0.016959734944919543,261907.48892830967
KIRK,0.8959281504996972,0.00987679127678535,0.08181786458495958,0.012377193638557717,107464.62287468737
BOBBY,0.5527581375748287,0.06173610878878395,0.3555231854840658,0.029982568152321594,142874.39376861328
RAFAEL,0.03211044463943152,0.9555997556709906,0.0035636352972026482,0.00872616439237524,273376.98011201125
ZACHARY,0.9117237233385218,0.022857066855418905,0.05608392637504901,0.009335283431010305,104816.69685709776
